[ 25.89651305  33.9705823   45.08155622  15.36514     18.94014401
  23.31593913  31.48218384  42.73800492  18.60369445  22.21097399
  26.62784706  34.87624767  46.26117088  18.67144082  22.40205998
  26.97591076  35.53826678  47.41654849  16.71415558  19.99109354
  23.98753187  31.39506299  41.45861986  18.98629825  22.03926154
  25.75064121  32.58805502  41.75571325  19.03459547  22.07964522
  25.78095311  32.59822335  41.7342274   13.90769462  17.53728814
  21.98256082  30.28776064  41.76193975  14.66276804  18.44704879
  23.08919613  31.78814528  43.88107334  14.66938525  18.62504397
  23.48530871  32.62049268  45.39893258  15.00775779  18.93321734
  23.75504679  32.81336016  45.47100342  13.42377889  17.42804096
  22.35016452  31.60906611  44.58191942  24.18297323  27.75280591
  32.12201934  40.27510066  51.51023642  21.21201616  24.82523734
  29.24967249  37.51319727  48.92188701  18.29678958  21.95614272
  26.43929128  34.82024287  46.41346047  17.67507227  21.36391595
  25.88459794  34.34061637  46.05179615  19.47389474  23.38138987
  28.1803555   37.19294124  49.77872678  20.89564612  24.57684449
  29.08779606  37.52435369  49.20495219  21.14884092  24.85779816
  29.40407922  37.9112958   49.7029298   21.76789978  25.93061389
  31.05440369  40.71663775  54.32329924  20.3276127   24.52725036
  29.69803377  39.45425505  53.20861075  21.76249261  25.92284795
  31.04363568  40.69986561  54.29709202  21.69955254  25.82344164
  30.89781779  40.46122457  53.91258603  16.33311772  20.5080237
  25.64733042  35.34059833  48.99602729  20.78718639  24.86420336
  29.87892407  39.32301996  52.5868929   30.6320704   34.41446426
  39.05421012  47.74835628  59.83373679  28.24141004  32.05978831
  36.7453325   45.53107535  57.7603935   23.48361757  27.36209093
  32.12411978  41.06283194  53.53253044  25.66549109  29.78391406
  34.85133331  44.40082628  57.8303232   23.54211828  27.71250039
  32.84604946  42.52780207  56.16513556  31.588616    34.91783138
  38.9808046   46.52140553  56.79407208  34.27986769  38.15497409
  42.9127177   51.8428594   64.29909003  26.10935528  29.82140336
  34.37161822  42.8867024   54.69069978  21.28574751  25.00526304
  29.56498191  38.09907411  49.93294125  13.09683444  15.97215157
  19.45743612  25.8426597   34.29973327  62.46490066  54.29412829
  52.91127501  37.84793834  45.79587081  80.50528455  55.1730915
  51.87428241  57.00073523  36.76258446  18.08853363  21.64499371
  23.89613268  25.44980884  18.82443769  32.12890179  23.07965918
  80.64431423  22.64263775  26.14700072  33.08598826  47.96541901
  52.40409169  44.71417073  48.15357775  52.41187528  61.20197858
  15.90044248  26.11311578  27.57535116  26.3906984   23.90989419
  25.72774199  28.82329947  37.95964912  31.41725852  45.38805691
  36.74976867  21.76042548  26.98908419  37.27133314  10.49179934
   5.93318274   9.63812927   8.91675212  12.7465567   20.21342271
  24.47336598  14.62535799  18.68549046  17.35963044  21.52523277
  25.0920183   29.58228947  32.01485427  27.41911323  11.86785356
  15.803128    22.40851336  26.8044436   21.3374618   39.09460048
  34.01273514  19.29046963  16.77419723  27.5817426   14.51037804
  -6.42197855  14.49615278  15.73246674  22.67545546  14.847       11.66277312
  27.07611711  23.93861774  21.19522485  14.46188995  20.62139689
  14.13578155  22.89273911  10.08955643  20.82336635  27.59756238
  -1.20274827  28.44100585  32.0982077   21.67949894   9.09545724
  19.18106863  20.70056493  31.62477587  17.76020894  -5.29497477
  34.9841116   23.87039307   0.36048007  15.04726219  20.19980979
  27.47316634  41.7127439    8.75071456  26.06975414  38.39817878
   5.63024518  15.21805533  29.52971317  18.2380897   35.15368078
   5.45969347  26.55758749   7.58621026  15.46249751   6.63726004
  26.57902256  20.289295     7.67521323  48.5261892   15.82591989
  20.70393436  21.93871202   9.87194234  19.29772435  32.54430691
   1.01611379  27.12291382  27.64006636  44.36394788  21.94904811
  14.13907314  -0.0949472   30.98489189   2.10913962  13.4923862
  10.85143664  34.62575123  39.49272224  15.43468449  16.40163021
  21.21678025  32.87155306  37.13718913  16.28719497  17.29049762
  22.29652157  34.51482689  39.05313999  16.56998133  17.60757648
  22.79363601  35.54347494  40.33898172  10.95406881  14.45952826
  16.9552998   20.7945338   22.87939467  42.95639581  55.33838326
  31.37009775  15.12408055  19.15476325  15.18633271  15.66458031
  16.60912969  18.22376491  21.30669896  36.4709853   37.98536607
  40.86779123  51.28745286  59.60364664  59.85640709  23.01783665
  24.62587017  27.69560082  33.24971658  38.94475819  48.4650587
  30.23772133  30.6876864   31.57567071  33.09131707  35.9762734
  47.74623961  44.27294539  17.14715155  19.7097759   25.53414694
  29.86302389  23.38807128  18.90115575  21.59645048  25.65204995
  18.41643071  22.12550153  14.70057598  15.53133035  19.47199208
  28.54494226  33.45107229  20.68780631  25.56115103  37.38773671
  18.16895665  23.27211847  35.77721177  47.12064508  45.61721171
  19.59486216  43.5394458   51.1268771   32.61432857  42.21950812
  43.76125433  35.58372418  12.71782963  16.26658398  26.15445001
  32.69611468  38.1087914   48.84740499  25.90459629  30.20295614
  12.47204464  16.26658398  17.71485037  22.66218792  34.70722862
  45.38284365  42.5437737   24.64518584  25.58808016  27.19981902
  30.27696035  41.55893647  52.63138439  21.78271002  24.86271443
  45.74371602]
